keys	A	AA	AC	AG	AT	C	CA	CC	CG	CT	G	GA	GC	GG	GT	T	TA	TC	TG	TT
0	15902263	2714350	3465127	5259058	3880321	15951871	3489937	2520563	5174524	4279262	24341657	4280183	5712964	5736640	6803102	20321082	4766029	3805011	6407872	4215891
0.01	2689135.15940425	1192619.37162883	1326920.54909529	1575517.15260939	1390569.86456478	2641741.97566736	1336449.8342281	1140498.92016344	1552627.56770501	1450405.68256193	3067066.72069137	1460753.76971691	1611247.11132858	1661696.26474298	1726129.27835504	2957541.92137629	1472731.01764437	1386988.20532231	1719791.07012781	1459925.31831722
0.02	2662149.32871809	1182467.25645086	1327848.38892618	1567487.63646372	1377489.17906112	2622681.0121245	1333043.75248803	1138005.901594	1545893.17249484	1444353.88533962	2984546.83748438	1459986.1740364	1578249.58198136	1635674.47793391	1722585.38062944	2881695.9953914	1469453.64412315	1383806.00987498	1711679.23858191	1433398.80407912
0.03	2676742.21591896	1183161.25398242	1327823.17968271	1565754.49526425	1384270.33910241	2626137.72682358	1332417.90075821	1139388.111549	1549354.54603192	1440961.82836862	2998099.46654853	1459953.23851404	1596958.34814721	1636516.23308181	1723833.25091763	2894773.00711508	1481009.53053467	1377657.97620175	1709028.8858623	1434384.89277547
0.04	2664368.84293379	1179569.0652144	1326117.76042352	1564109.05965257	1377887.92023481	2620935.00765021	1336622.36715185	1137460.15173245	1558713.72735817	1438315.36678056	2957314.28026353	1452218.83319947	1596103.68673768	1625258.8179545	1722527.20735475	2860985.61068575	1484501.52643415	1377362.683534	1710314.1807631	1429017.83701049
0.05	2660896.83573001	1174618.45424697	1326348.57129146	1560203.71459225	1378963.47978993	2609575.09502746	1333880.36963464	1131689.85341962	1554936.52483071	1438105.4065465	2969171.05725944	1449314.81970889	1598186.6415609	1623802.31300324	1724499.06237947	2863087.95130254	1482571.26580742	1375408.5592497	1708139.95342943	1428117.63249309
0.0600000000000001	2687952.88809393	1188190.53515044	1331282.08317065	1567589.87001419	1385684.03550963	2628361.95094222	1334661.71093058	1139554.14996738	1559849.16559186	1441645.55572187	2993155.97770632	1456286.367872	1611807.01909629	1632655.858472	1736262.50408148	2887136.8588238	1492899.61827375	1377880.98271278	1713263.88180883	1443027.88831149
0.0700000000000001	2706611.8676737	1196282.99170927	1337039.23567592	1573973.49487617	1395331.02447675	2636901.74208676	1333887.89516763	1138037.19086368	1568533.23031103	1448493.16311683	3024286.11952029	1458191.86606814	1625305.75662617	1631956.68789017	1748004.45847836	2896357.48230836	1499172.09825016	1387284.90901545	1709780.61980786	1448758.4113263
0.0800000000000001	2716824.36107783	1196886.78616758	1339324.7152139	1576728.01614855	1406154.36266426	2658441.5672489	1343404.66518229	1142024.03995797	1580307.48072344	1452270.97296136	3065862.30063386	1456644.26415795	1647666.35315898	1647703.5969717	1750054.6163076	2937617.78677094	1512892.65682115	1383579.9599608	1720314.08859934	1460840.5446838
0.09	2988931.44267036	1242855.17637946	1362178.47504463	1679284.78155819	1405504.80355985	2751666.45881232	1343365.430851	1164532.57400443	1601385.41964719	1534592.82327529	3192854.58697321	1522856.53708576	1659826.34466794	1703835.43883525	1843965.05443464	3264822.83548152	1583698.4548287	1437829.9403395	1743292.68654899	1530794.37759252
0.1	3393205.46975452	1315493.21644958	1403305.22722531	1853457.93332822	1493806.28301699	3157848.21889004	1347760.17465671	1228441.24688217	1727577.65661048	1660553.91661573	4026537.67446248	1563580.52206632	1956497.87632378	1940996.89002138	1964033.84101548	3885390.0149247	1848967.44515515	1473662.26252815	1730278.21597517	1707379.06234118
0.11	2766505.52607917	1206372.09072547	1346550.9501705	1591687.25967124	1454499.16847707	2747050.52457284	1350820.1097959	1152655.24609841	1639080.282021	1463870.32185327	3180175.67128864	1466155.7383056	1715417.76543953	1677388.18094235	1776236.19231849	3010394.1407059	1554165.48599547	1394324.28449613	1755199.03947596	1470012.02243318
0.12	2747105.48375743	1199362.79163934	1346077.19820414	1599522.9394231	1433592.95629134	2698715.10785939	1356884.9211272	1151808.93859874	1612720.6693002	1470645.05359491	3100939.30266335	1477325.38274624	1670200.07427439	1669123.9650267	1781480.22380628	2958953.27947462	1537410.4893994	1401937.18130089	1756494.86670064	1457122.07916756
0.13	2704068.04453193	1189353.68535854	1346080.76780856	1601962.24446701	1412533.4659856	2697567.64096771	1351308.86385384	1156644.76275931	1618770.15998209	1471138.05333258	3106555.06483352	1473412.73381227	1659908.20467557	1683641.56571433	1778900.80586972	2884593.37620049	1542855.05385223	1401060.94297211	1746989.24753238	1444279.56455469
0.14	2688617.81086292	1187048.3584562	1345960.50582036	1604674.78428196	1411740.455402	2686539.35127616	1353071.47847788	1151413.30549993	1630751.67813701	1474141.02017383	3076090.04895109	1470938.37823562	1677244.77593453	1672058.53174425	1783945.12565186	2881244.05220222	1556629.84621294	1398903.9193686	1747468.56063412	1442063.84824417
0.15	2695386.75991511	1188455.37333706	1350469.48847838	1613096.12031958	1412759.50441636	2691730.29489752	1354195.56034939	1152575.73547947	1633820.85898854	1477792.03647517	3102787.53167865	1477421.86415415	1678683.82913285	1675898.33736116	1799027.49535591	2887343.20232423	1565230.9553162	1402944.79863651	1759833.22242028	1447535.68284123
0.16	2723356.77744356	1196851.4930675	1353756.57258493	1626774.656229	1429656.69941765	2730298.76089304	1361811.61849761	1158675.15496594	1677620.8297012	1485589.6759962	3116620.39947209	1487537.83585621	1704383.83042588	1679016.46055131	1807735.33127667	2922108.4433841	1579553.19127364	1409057.92970354	1769892.26007875	1456864.01806704
0.17	2724129.8686207	1201932.48140335	1352704.61932804	1629487.47101774	1438890.06188907	2721431.78161075	1369682.71064716	1155774.96510062	1654070.68255392	1486966.5403024	3119114.25990807	1490786.19125523	1716001.28480254	1681736.8569528	1814827.4202142	2926121.63008028	1578756.18561986	1411143.04671392	1784281.21083027	1467947.25898991
0.18	2747377.3012682	1214731.83486952	1358080.0560531	1636230.59204817	1444680.09638567	2721031.00670069	1377290.01614092	1162499.33298834	1650077.16988803	1492329.71743372	3140855.78235937	1499006.45567432	1717405.96251423	1688027.60636694	1832889.75990581	2960223.02748076	1586319.95140038	1420094.5864092	1808353.40139167	1489723.4740623
0.19	2778757.14174946	1222783.83722961	1361314.615703	1648702.20947455	1447971.2722777	2713859.74034121	1382771.15232681	1160052.02231252	1658236.85487647	1498544.15045816	3122075.57421979	1517549.76846952	1725286.22548751	1692420.41864699	1841940.48439533	3001639.84849211	1622087.47908341	1431187.51160034	1824460.00274561	1506706.11798125
0.2	2727369.60906913	1212675.63196261	1371056.2705743	1659441.59340919	1444196.71763826	2740075.36571443	1377964.1039777	1166461.58868425	1680831.49653614	1508065.11677761	3130928.57129519	1514273.26554889	1738992.73389717	1697828.19635345	1856210.99594262	2943696.98260229	1621727.002836	1429558.7653517	1812357.5380413	1489413.76495231
0.21	2738493.77499833	1214622.19372732	1367668.48035155	1669465.02073202	1460802.93641374	2745559.25603984	1386332.01559009	1167636.00632936	1669945.01921317	1516727.87573323	3154665.01246258	1525293.73612804	1737521.38991244	1702900.95259454	1867003.83775808	2972515.74992765	1608067.71562148	1442746.08690019	1835235.51425369	1495268.28345054
0.22	2782223.62451513	1224886.5090746	1375610.96669057	1676258.99351984	1474396.94829153	2741073.28762183	1387992.6436043	1165081.59999387	1671498.47595256	1520917.40980652	3154950.23488843	1536497.53629774	1740413.2293954	1709302.06936988	1890055.89805261	3030458.64086288	1621194.89671329	1454898.32271075	1843057.02368953	1516533.89304251
0.23	2766334.18313479	1223626.23761364	1378366.37400103	1678543.78198952	1479705.32280384	2749288.00630085	1391281.00488333	1169813.40500168	1685944.82902264	1520078.45164008	3161253.92315438	1545279.9131998	1748740.56840875	1717907.55986976	1903592.82230962	3042182.6559971	1621978.88863795	1462587.78215724	1857425.66311916	1520180.69884185
0.24	2713246.30250623	1210761.87351617	1376167.49248266	1681481.43724051	1466729.62181696	2711804.29176454	1385733.49641989	1168922.68734026	1677816.23502665	1522373.91296532	3096651.01978099	1522765.42146044	1756740.36607204	1709524.08349222	1896005.23290622	2941636.3517103	1622798.26256056	1442313.84078926	1844206.59412624	1501844.65252358
0.25	2727046.71381217	1201702.46746823	1367651.43691787	1694025.41948612	1462450.97837875	2724758.1227388	1376679.75356305	1154564.88425569	1676114.23982091	1529644.49132244	3109017.05864414	1521186.28363242	1769200.97034142	1702574.31705157	1900796.62600732	2961558.70984658	1623309.3833347	1435436.42812429	1842777.26887581	1498425.90156147
0.26	2712631.5553465	1216108.82027854	1383855.43461514	1710420.19959786	1471045.56003517	2726307.10029495	1391739.40097131	1170962.64411198	1689840.87070615	1540491.32086859	3118826.87370483	1534491.00754565	1783366.28171291	1723639.47896973	1913488.44546968	2938728.47790712	1632694.10153541	1448872.01896846	1859757.15522081	1510209.23922215
0.27	2712223.8578244	1222123.55272828	1384323.12242579	1710540.63441542	1476098.81800927	2719004.40258732	1393996.20476692	1175851.48389759	1692435.69265736	1542936.89527845	3101489.48731334	1540988.02141155	1782620.4863192	1728584.30828197	1924573.2445536	2939084.4330297	1641883.35535394	1456961.74311613	1867775.59978038	1516509.75988154
0.28	2709651.56297794	1224908.55316731	1390462.80486383	1716535.75740582	1480740.54481917	2721941.68294718	1400707.26791391	1177383.5395787	1696102.58638855	1546407.78779582	3105471.07908618	1546298.61607643	1784525.3688294	1736202.58493251	1939290.42212198	2942877.3926647	1648392.79414052	1458492.90889782	1884388.52721087	1527115.95068146
0.29	2709839.40477133	1228917.62666456	1396538.52310577	1727756.12127264	1483905.50180807	2733490.51417078	1401913.22610027	1179991.7909539	1700584.8565295	1555396.95612204	3105813.49770237	1549508.18945495	1801531.20843914	1748175.88169341	1955172.85399737	2944882.62275303	1657218.22261878	1463947.99094157	1885663.48463604	1538789.293235
0.3	2718100.88528964	1230535.16033663	1400208.48865248	1740061.97165829	1486458.61093747	2748918.29364256	1407519.54449542	1186053.05704967	1707043.77164474	1565214.09892977	3137305.40274333	1557934.83733422	1814411.63239929	1769490.95828139	1962544.35539185	2952445.44103377	1666363.27272535	1468240.47371763	1905810.35905599	1537140.49226833
0.31	2720791.69372002	1236214.141653	1403692.37506656	1743530.56342993	1496625.18653172	2744410.42595996	1416235.18171217	1186281.44581369	1717641.74326274	1569494.62149419	3130249.94235253	1563069.75451556	1818998.79147722	1775338.52618637	1971147.24524895	2957154.0898941	1673936.99809359	1473426.73595238	1916435.4080506	1543883.53825784
0.32	2731190.21876061	1244113.14200988	1408800.81451789	1750204.04258388	1504592.36556167	2748663.24983616	1422704.96530746	1191990.90741907	1723201.30353762	1571460.85154934	3141822.3746207	1572567.2608953	1820790.60755417	1791887.59714496	1986643.36591977	2980085.5260416	1686656.33658978	1481713.54105076	1937289.93503588	1556776.71505826
0.33	2719628.1169564	1241561.18192485	1411778.62864616	1757808.57458661	1505542.93097799	2764803.80876617	1420417.87955747	1194477.31905321	1727847.055979	1581307.05821375	3147485.9381519	1579495.61164647	1831531.05686605	1805466.10907547	1993706.58561249	2962925.5087558	1675517.92704769	1489055.68221711	1933189.49191598	1560168.78122557
0.34	2776259.25256695	1248537.24471225	1419975.38185184	1787789.49820809	1514246.27355273	2763652.70974308	1434132.68363271	1194854.22616716	1733314.64515177	1601683.28466691	3151154.12348746	1593418.60091174	1842590.55621976	1814079.58406001	2015169.72752271	3024481.48529935	1681456.80570916	1494307.72145833	1962693.23121481	1570108.35533555
0.35	2839838.7777608	1258050.93347255	1428490.27855379	1798425.21651405	1537927.35255673	2771120.8202623	1449286.01012704	1194724.04083069	1748848.13378947	1611575.3648567	3162170.38118387	1607931.37799985	1848992.45919381	1826704.80979744	2040966.46473	3117650.45117363	1696396.43660976	1509833.51670439	2001500.77213152	1587595.95945651
0.36	2741472.49825476	1253385.07543432	1424977.53141048	1781655.02588899	1520257.47434042	2766853.98984956	1431112.54409189	1200751.16351829	1747632.52528941	1600016.36302936	3146168.15962559	1596851.50320187	1854110.00953366	1834603.65990641	2025488.56905028	2984455.57493835	1686341.29163895	1497948.89682269	1962706.9617042	1579683.77535796
0.37	2746434.29197018	1257273.01829656	1433553.5810526	1788027.62592248	1521814.64787916	2774506.95124423	1432563.37929847	1204825.4415482	1756060.98231073	1602161.60093263	3160299.89906572	1598419.36868002	1859567.26786569	1849971.21078135	2049125.94435031	2995467.27789741	1700084.2862948	1498987.61017725	1966436.77228057	1587539.22158572
0.38	2741991.01497213	1259974.83559391	1437464.63817088	1797891.34346585	1522707.49236512	2784736.4991447	1435755.06948656	1207201.72757062	1769288.96228757	1606031.07115477	3172608.90855892	1609776.9579387	1865901.56614816	1863135.81194049	2052818.46458657	2996182.96439883	1698313.32093542	1509625.77106207	1976792.16624927	1592387.87649196
0.39	2762044.2203788	1264130.24395406	1442169.2590503	1813284.63166794	1524165.15991667	2809883.92693953	1448169.91232225	1209931.49663343	1782672.94538605	1618513.34193294	3199257.34948354	1619540.61093473	1875906.06133096	1888443.7166712	2068596.54778018	3012342.15837308	1706364.74269215	1517224.01515073	1996138.48815926	1600160.23930937
0.4	2772092.14663647	1268934.22937401	1448772.80977319	1815252.46002709	1530554.56928402	2816043.11569819	1452981.83240589	1213410.16635603	1788296.20576507	1620522.13932913	3203417.17174728	1623935.05833711	1881130.74139404	1897445.7922428	2078861.68440647	3026735.94922634	1710586.40881017	1520047.86733466	2007641.99749752	1608538.74201672
0.41	2769011.97275008	1272269.31152174	1452166.16206125	1808437.89331988	1535023.30659428	2818373.35445762	1448850.24087344	1212565.50527484	1802555.92455231	1615110.4579418	3217029.78756181	1619213.03438742	1889626.71334511	1903375.85547037	2091332.44126285	3038039.98835033	1729161.85339174	1519659.96028203	2016075.3214426	1614742.90282268
0.42	2747766.2785832	1278073.00506211	1451809.23199753	1812880.33091854	1537508.56917734	2847818.77597761	1456854.04667858	1215690.5261551	1807575.37331678	1623333.40636713	3241258.64222904	1622857.56229465	1910168.30918947	1915618.63700593	2083321.65944915	3008383.69392959	1720862.03437099	1520481.23061052	2030897.58275671	1618716.02370854
0.43	2751436.22878655	1280050.29949301	1454397.34962431	1821387.13847044	1541332.15081102	2853703.32065324	1460096.87082126	1216049.71505377	1815683.36584726	1626528.3704621	3244240.10466135	1627116.70092076	1916396.68767632	1923337.05453314	2091326.61357826	3006702.19428012	1722153.89082221	1522388.16549716	2028661.17244949	1624000.0926892
0.44	2758229.70922124	1278561.02282072	1456529.46317074	1830064.57922744	1544462.78181061	2852027.1947478	1456090.41559054	1219311.28049373	1817280.7883948	1638879.27480254	3234737.66697667	1633112.8390398	1918659.59009368	1933391.42738228	2094446.0127551	3011815.13940746	1720896.25141198	1529013.57585365	2022486.00854731	1626010.6354695
0.45	2752394.44303762	1277384.18662583	1457030.82712199	1820375.92496729	1543523.78061656	2841210.53426803	1454187.99760864	1216055.01319438	1819874.91981557	1628085.14983689	3223618.46820276	1631004.37468891	1908949.7471421	1930309.96975748	2096946.12074567	3012333.89839727	1715396.41828411	1526260.77706707	2025526.74020848	1622936.26641274
0.46	2753266.01957195	1284581.62002896	1458566.23395403	1817449.68187473	1548143.13639551	2842938.90248318	1461777.26445752	1225136.0607086	1831617.21849313	1627904.62983463	3226410.61004857	1632435.54690146	1913328.7295628	1951788.52617069	2105563.41963601	3017149.14553228	1728778.48460168	1533540.36876487	2037945.08950458	1631746.04557489
0.47	2757422.68293924	1287182.50787455	1459861.7690927	1820929.97275501	1550670.22173397	2850581.22349641	1463049.19678296	1219878.86864442	1831260.92932578	1630857.14254933	3235637.75355223	1639745.80596459	1915124.56025422	1955044.05729806	2108247.27138848	3020234.81240853	1730159.05638123	1535852.80588238	2040045.6748308	1636596.12351239
0.48	2763310.06540341	1287259.91708505	1463970.79517143	1821542.24674006	1552013.95772062	2851884.49202496	1463610.84011748	1224409.00237645	1834224.03110945	1635202.79087792	3232145.61700465	1642987.89275207	1923664.63984209	1959244.77641857	2110754.82952858	3032283.42308	1734007.41568483	1539130.10732445	2037300.17830793	1638795.69517531
0.49	2755605.60834515	1290624.72107905	1461820.82246393	1823402.63552117	1546781.79421409	2853477.42571407	1459778.91503861	1225313.32989447	1835257.03203999	1634222.16842069	3236731.85116998	1643500.87818047	1920960.55685586	1957426.97990002	2114667.40870494	3028851.84280796	1733710.24263762	1539528.2029732	2047008.76150216	1639189.65964253
0.5	2485779	1144514	1303461	1631890	1376043	2570053	1301931	1085477	1636198	1459190	2922559	1471641	1712256	1753292	1899288	2739686	1541067	1375573	1835202	1463353
-0.49	2755605.60834515	1290624.72107905	1461820.82246393	1823402.63552117	1546781.79421409	2853477.42571407	1459778.9150386	1225313.32989447	1835257.03203999	1634222.16842069	3236731.85116998	1643500.87818047	1920960.55685586	1957426.97990002	2114667.40870494	3028851.84280796	1733710.24263762	1539528.2029732	2047008.76150216	1639189.65964253
-0.48	2763310.06540341	1287259.91708505	1463970.79517143	1821542.24674006	1552013.95772062	2851884.49202496	1463610.84011748	1224409.00237645	1834224.03110945	1635202.79087792	3232145.61700465	1642987.89275207	1923664.63984209	1959244.77641857	2110754.82952858	3032283.42308	1734007.41568483	1539130.10732445	2037300.17830793	1638795.69517531
-0.47	2757422.68293924	1287182.50787455	1459861.7690927	1820929.97275501	1550670.22173397	2850581.22349641	1463049.19678296	1219878.86864442	1831260.92932578	1630857.14254933	3235637.75355223	1639745.80596459	1915124.56025422	1955044.05729806	2108247.27138848	3020234.81240853	1730159.05638123	1535852.80588238	2040045.6748308	1636596.12351239
-0.46	2753266.01957195	1284581.62002896	1458566.23395403	1817449.68187473	1548143.13639551	2842938.90248318	1461777.26445752	1225136.0607086	1831617.21849313	1627904.62983463	3226410.61004857	1632435.54690146	1913328.7295628	1951788.52617069	2105563.41963601	3017149.14553228	1728778.48460168	1533540.36876487	2037945.08950458	1631746.04557489
-0.45	2752394.44303762	1277384.18662583	1457030.82712199	1820375.92496729	1543523.78061656	2841210.53426803	1454187.99760864	1216055.01319438	1819874.91981557	1628085.14983689	3223618.46820276	1631004.37468891	1908949.7471421	1930309.96975748	2096946.12074567	3012333.89839727	1715396.41828411	1526260.77706707	2025526.74020848	1622936.26641274
-0.44	2758229.70922123	1278561.02282072	1456529.46317074	1830064.57922744	1544462.78181061	2852027.1947478	1456090.41559054	1219311.28049373	1817280.7883948	1638879.27480254	3234737.66697667	1633112.8390398	1918659.59009368	1933391.42738228	2094446.0127551	3011815.13940746	1720896.25141198	1529013.57585365	2022486.00854731	1626010.63546949
-0.43	2751436.22878655	1280050.29949301	1454397.34962431	1821387.13847044	1541332.15081102	2853703.32065324	1460096.87082126	1216049.71505377	1815683.36584726	1626528.3704621	3244240.10466135	1627116.70092076	1916396.68767632	1923337.05453314	2091326.61357826	3006702.19428012	1722153.89082221	1522388.16549716	2028661.17244949	1624000.0926892
-0.42	2747766.2785832	1278073.00506211	1451809.23199753	1812880.33091854	1537508.56917734	2847818.77597761	1456854.04667858	1215690.5261551	1807575.37331678	1623333.40636713	3241258.64222904	1622857.56229465	1910168.30918947	1915618.63700593	2083321.65944915	3008383.69392959	1720862.03437099	1520481.23061052	2030897.58275671	1618716.02370854
-0.41	2769011.97275008	1272269.31152174	1452166.16206125	1808437.89331988	1535023.30659428	2818373.35445762	1448850.24087344	1212565.50527484	1802555.92455231	1615110.4579418	3217029.78756181	1619213.03438742	1889626.71334511	1903375.85547038	2091332.44126285	3038039.98835032	1729161.85339174	1519659.96028203	2016075.3214426	1614742.90282268
-0.4	2772092.14663647	1268934.22937401	1448772.80977319	1815252.46002709	1530554.56928402	2816043.11569819	1452981.83240589	1213410.16635603	1788296.20576507	1620522.13932913	3203417.17174728	1623935.05833711	1881130.74139404	1897445.7922428	2078861.68440647	3026735.94922634	1710586.40881017	1520047.86733466	2007641.99749752	1608538.74201672
-0.39	2762044.2203788	1264130.24395406	1442169.2590503	1813284.63166794	1524165.15991667	2809883.92693953	1448169.91232225	1209931.49663343	1782672.94538605	1618513.34193294	3199257.34948354	1619540.61093473	1875906.06133096	1888443.7166712	2068596.54778018	3012342.15837308	1706364.74269215	1517224.01515073	1996138.48815926	1600160.23930938
-0.38	2741991.01497213	1259974.83559391	1437464.63817088	1797891.34346585	1522707.49236512	2784736.4991447	1435755.06948656	1207201.72757062	1769288.96228757	1606031.07115477	3172608.90855892	1609776.9579387	1865901.56614816	1863135.81194049	2052818.46458657	2996182.96439883	1698313.32093542	1509625.77106207	1976792.16624927	1592387.87649196
-0.37	2746434.29197018	1257273.01829656	1433553.5810526	1788027.62592248	1521814.64787916	2774506.95124423	1432563.37929847	1204825.4415482	1756060.98231073	1602161.60093263	3160299.89906573	1598419.36868002	1859567.26786569	1849971.21078135	2049125.94435031	2995467.27789741	1700084.2862948	1498987.61017725	1966436.77228057	1587539.22158572
-0.36	2741472.49825475	1253385.07543432	1424977.53141048	1781655.02588899	1520257.47434042	2766853.98984956	1431112.54409189	1200751.16351829	1747632.52528941	1600016.36302936	3146168.15962559	1596851.50320187	1854110.00953366	1834603.65990641	2025488.56905028	2984455.57493835	1686341.29163895	1497948.89682269	1962706.9617042	1579683.77535796
-0.35	2839838.7777608	1258050.93347255	1428490.27855379	1798425.21651405	1537927.35255673	2771120.8202623	1449286.01012704	1194724.04083069	1748848.13378947	1611575.3648567	3162170.38118387	1607931.37799985	1848992.45919381	1826704.80979744	2040966.46473	3117650.45117363	1696396.43660976	1509833.51670439	2001500.77213152	1587595.95945651
-0.34	2776259.25256695	1248537.24471225	1419975.38185184	1787789.49820809	1514246.27355273	2763652.70974308	1434132.68363271	1194854.22616716	1733314.64515177	1601683.28466691	3151154.12348746	1593418.60091174	1842590.55621976	1814079.58406001	2015169.72752271	3024481.48529935	1681456.80570916	1494307.72145833	1962693.23121481	1570108.35533555
-0.33	2719628.1169564	1241561.18192485	1411778.62864616	1757808.57458661	1505542.93097799	2764803.80876617	1420417.87955747	1194477.31905321	1727847.055979	1581307.05821375	3147485.9381519	1579495.61164647	1831531.05686605	1805466.10907547	1993706.58561249	2962925.5087558	1675517.92704769	1489055.68221711	1933189.49191598	1560168.78122557
-0.32	2731190.21876061	1244113.14200988	1408800.81451789	1750204.04258388	1504592.36556167	2748663.24983616	1422704.96530746	1191990.90741907	1723201.30353762	1571460.85154934	3141822.3746207	1572567.2608953	1820790.60755417	1791887.59714496	1986643.36591977	2980085.5260416	1686656.33658978	1481713.54105076	1937289.93503588	1556776.71505826
-0.31	2720791.69372002	1236214.141653	1403692.37506656	1743530.56342993	1496625.18653171	2744410.42595996	1416235.18171217	1186281.44581369	1717641.74326274	1569494.62149419	3130249.94235253	1563069.75451556	1818998.79147722	1775338.52618637	1971147.24524895	2957154.0898941	1673936.99809359	1473426.73595238	1916435.4080506	1543883.53825784
-0.3	2718100.88528964	1230535.16033663	1400208.48865248	1740061.97165829	1486458.61093747	2748918.29364256	1407519.54449542	1186053.05704967	1707043.77164474	1565214.09892977	3137305.40274333	1557934.83733422	1814411.63239929	1769490.95828139	1962544.35539185	2952445.44103377	1666363.27272535	1468240.47371763	1905810.35905599	1537140.49226833
-0.29	2709839.40477133	1228917.62666456	1396538.52310577	1727756.12127264	1483905.50180807	2733490.51417078	1401913.22610027	1179991.7909539	1700584.8565295	1555396.95612204	3105813.49770237	1549508.18945495	1801531.20843914	1748175.88169341	1955172.85399737	2944882.62275302	1657218.22261878	1463947.99094157	1885663.48463604	1538789.293235
-0.28	2709651.56297794	1224908.55316731	1390462.80486383	1716535.75740582	1480740.54481918	2721941.68294718	1400707.26791391	1177383.5395787	1696102.58638855	1546407.78779581	3105471.07908618	1546298.61607643	1784525.3688294	1736202.58493251	1939290.42212198	2942877.3926647	1648392.79414052	1458492.90889782	1884388.52721087	1527115.95068146
-0.27	2712223.8578244	1222123.55272828	1384323.12242579	1710540.63441542	1476098.81800927	2719004.40258732	1393996.20476692	1175851.48389759	1692435.69265736	1542936.89527845	3101489.48731334	1540988.02141155	1782620.4863192	1728584.30828197	1924573.2445536	2939084.4330297	1641883.35535394	1456961.74311613	1867775.59978038	1516509.75988154
-0.26	2712631.5553465	1216108.82027854	1383855.43461514	1710420.19959786	1471045.56003517	2726307.10029495	1391739.40097131	1170962.64411198	1689840.87070615	1540491.32086859	3118826.87370483	1534491.00754565	1783366.28171291	1723639.47896973	1913488.44546968	2938728.47790712	1632694.1015354	1448872.01896846	1859757.15522081	1510209.23922215
-0.25	2727046.71381217	1201702.46746823	1367651.43691787	1694025.41948612	1462450.97837875	2724758.1227388	1376679.75356305	1154564.88425569	1676114.23982091	1529644.49132244	3109017.05864414	1521186.28363242	1769200.97034142	1702574.31705157	1900796.62600732	2961558.70984658	1623309.3833347	1435436.42812429	1842777.26887581	1498425.90156147
-0.24	2713246.30250623	1210761.87351617	1376167.49248266	1681481.43724051	1466729.62181696	2711804.29176454	1385733.49641989	1168922.68734026	1677816.23502665	1522373.91296532	3096651.019781	1522765.42146044	1756740.36607204	1709524.08349222	1896005.23290621	2941636.3517103	1622798.26256056	1442313.84078926	1844206.59412623	1501844.65252358
-0.23	2766334.18313479	1223626.23761364	1378366.37400103	1678543.78198952	1479705.32280384	2749288.00630085	1391281.00488332	1169813.40500168	1685944.82902264	1520078.45164008	3161253.92315438	1545279.9131998	1748740.56840875	1717907.55986976	1903592.82230962	3042182.6559971	1621978.88863795	1462587.78215724	1857425.66311916	1520180.69884185
-0.22	2782223.62451514	1224886.5090746	1375610.96669057	1676258.99351984	1474396.94829153	2741073.28762183	1387992.6436043	1165081.59999387	1671498.47595256	1520917.40980652	3154950.23488843	1536497.53629774	1740413.2293954	1709302.06936988	1890055.89805261	3030458.64086288	1621194.89671329	1454898.32271075	1843057.02368953	1516533.89304251
-0.21	2738493.77499833	1214622.19372732	1367668.48035155	1669465.02073202	1460802.93641374	2745559.25603984	1386332.01559009	1167636.00632936	1669945.01921317	1516727.87573323	3154665.01246258	1525293.73612805	1737521.38991244	1702900.95259454	1867003.83775808	2972515.74992765	1608067.71562148	1442746.08690019	1835235.51425369	1495268.28345054
-0.2	2727369.60906913	1212675.63196261	1371056.2705743	1659441.59340919	1444196.71763826	2740075.36571443	1377964.1039777	1166461.58868425	1680831.49653614	1508065.11677761	3130928.57129519	1514273.26554889	1738992.73389717	1697828.19635345	1856210.99594262	2943696.98260229	1621727.002836	1429558.7653517	1812357.5380413	1489413.76495231
-0.19	2778757.14174946	1222783.83722961	1361314.615703	1648702.20947455	1447971.2722777	2713859.74034121	1382771.15232681	1160052.02231252	1658236.85487647	1498544.15045816	3122075.57421979	1517549.76846952	1725286.22548751	1692420.41864699	1841940.48439533	3001639.84849211	1622087.47908341	1431187.51160034	1824460.00274561	1506706.11798125
-0.18	2747377.3012682	1214731.83486952	1358080.0560531	1636230.59204817	1444680.09638567	2721031.00670069	1377290.01614092	1162499.33298834	1650077.16988803	1492329.71743372	3140855.78235937	1499006.45567432	1717405.96251423	1688027.60636694	1832889.75990581	2960223.02748076	1586319.95140038	1420094.5864092	1808353.40139167	1489723.4740623
-0.17	2724129.8686207	1201932.48140335	1352704.61932804	1629487.47101774	1438890.06188907	2721431.78161075	1369682.71064716	1155774.96510062	1654070.68255392	1486966.5403024	3119114.25990808	1490786.19125523	1716001.28480254	1681736.8569528	1814827.42021421	2926121.63008028	1578756.18561986	1411143.04671392	1784281.21083027	1467947.25898991
-0.16	2723356.77744356	1196851.4930675	1353756.57258493	1626774.656229	1429656.69941765	2730298.76089304	1361811.61849761	1158675.15496594	1677620.8297012	1485589.6759962	3116620.39947209	1487537.83585621	1704383.83042589	1679016.46055131	1807735.33127667	2922108.4433841	1579553.19127364	1409057.92970354	1769892.26007875	1456864.01806704
-0.15	2695386.75991511	1188455.37333706	1350469.48847838	1613096.12031958	1412759.50441636	2691730.29489752	1354195.56034939	1152575.73547947	1633820.85898854	1477792.03647517	3102787.53167865	1477421.86415415	1678683.82913285	1675898.33736116	1799027.49535591	2887343.20232423	1565230.9553162	1402944.79863651	1759833.22242028	1447535.68284123
-0.14	2688617.81086291	1187048.3584562	1345960.50582036	1604674.78428196	1411740.455402	2686539.35127616	1353071.47847788	1151413.30549993	1630751.678137	1474141.02017383	3076090.04895109	1470938.37823562	1677244.77593452	1672058.53174425	1783945.12565186	2881244.05220222	1556629.84621294	1398903.9193686	1747468.56063412	1442063.84824417
-0.13	2704068.04453193	1189353.68535854	1346080.76780855	1601962.24446701	1412533.4659856	2697567.64096771	1351308.86385384	1156644.76275931	1618770.15998209	1471138.05333258	3106555.06483352	1473412.73381227	1659908.20467557	1683641.56571433	1778900.80586972	2884593.37620049	1542855.05385223	1401060.94297211	1746989.24753238	1444279.56455469
-0.12	2747105.48375743	1199362.79163934	1346077.19820414	1599522.9394231	1433592.95629134	2698715.10785939	1356884.9211272	1151808.93859874	1612720.6693002	1470645.05359491	3100939.30266335	1477325.38274624	1670200.07427438	1669123.9650267	1781480.22380628	2958953.27947462	1537410.4893994	1401937.18130089	1756494.86670064	1457122.07916756
-0.11	2766505.52607917	1206372.09072547	1346550.9501705	1591687.25967124	1454499.16847707	2747050.52457284	1350820.1097959	1152655.24609841	1639080.282021	1463870.32185327	3180175.67128864	1466155.7383056	1715417.76543953	1677388.18094235	1776236.19231849	3010394.1407059	1554165.48599547	1394324.28449613	1755199.03947596	1470012.02243318
-0.1	3393205.46975452	1315493.21644958	1403305.22722531	1853457.93332822	1493806.28301699	3157848.21889004	1347760.17465671	1228441.24688217	1727577.65661048	1660553.91661573	4026537.67446248	1563580.52206632	1956497.87632378	1940996.89002138	1964033.84101548	3885390.0149247	1848967.44515515	1473662.26252815	1730278.21597517	1707379.06234118
-0.09	2988931.44267036	1242855.17637946	1362178.47504463	1679284.78155819	1405504.80355985	2751666.45881232	1343365.430851	1164532.57400443	1601385.41964719	1534592.82327529	3192854.58697321	1522856.53708576	1659826.34466794	1703835.43883525	1843965.05443464	3264822.83548152	1583698.4548287	1437829.9403395	1743292.68654899	1530794.37759251
-0.08	2716824.36107783	1196886.78616758	1339324.7152139	1576728.01614855	1406154.36266426	2658441.5672489	1343404.66518229	1142024.03995797	1580307.48072344	1452270.97296136	3065862.30063386	1456644.26415795	1647666.35315898	1647703.5969717	1750054.6163076	2937617.78677094	1512892.65682115	1383579.9599608	1720314.08859934	1460840.5446838
-0.07	2706611.8676737	1196282.99170927	1337039.23567592	1573973.49487617	1395331.02447675	2636901.74208676	1333887.89516763	1138037.19086368	1568533.23031103	1448493.16311683	3024286.11952028	1458191.86606813	1625305.75662617	1631956.68789017	1748004.45847836	2896357.48230836	1499172.09825016	1387284.90901545	1709780.61980786	1448758.4113263
-0.06	2687952.88809392	1188190.53515044	1331282.08317065	1567589.87001419	1385684.03550963	2628361.95094222	1334661.71093058	1139554.14996738	1559849.16559186	1441645.55572187	2993155.97770632	1456286.367872	1611807.01909629	1632655.858472	1736262.50408148	2887136.8588238	1492899.61827375	1377880.98271278	1713263.88180883	1443027.88831149
-0.05	2660896.83573001	1174618.45424697	1326348.57129146	1560203.71459225	1378963.47978993	2609575.09502746	1333880.36963464	1131689.85341962	1554936.52483071	1438105.4065465	2969171.05725944	1449314.81970889	1598186.6415609	1623802.31300324	1724499.06237947	2863087.95130254	1482571.26580742	1375408.5592497	1708139.95342943	1428117.63249309
-0.04	2664368.84293379	1179569.0652144	1326117.76042352	1564109.05965257	1377887.92023481	2620935.00765021	1336622.36715185	1137460.15173245	1558713.72735817	1438315.36678056	2957314.28026353	1452218.83319947	1596103.68673768	1625258.8179545	1722527.20735475	2860985.61068575	1484501.52643415	1377362.683534	1710314.1807631	1429017.83701049
-0.03	2676742.21591896	1183161.25398242	1327823.17968271	1565754.49526425	1384270.33910241	2626137.72682358	1332417.90075821	1139388.111549	1549354.54603192	1440961.82836862	2998099.46654853	1459953.23851404	1596958.34814721	1636516.23308181	1723833.25091763	2894773.00711508	1481009.53053467	1377657.97620175	1709028.8858623	1434384.89277547
-0.02	2662149.32871809	1182467.25645086	1327848.38892618	1567487.63646372	1377489.17906112	2622681.0121245	1333043.75248803	1138005.901594	1545893.17249484	1444353.88533962	2984546.83748438	1459986.1740364	1578249.58198136	1635674.47793391	1722585.38062944	2881695.9953914	1469453.64412315	1383806.00987498	1711679.23858191	1433398.80407912
-0.01	2689135.15940425	1192619.37162883	1326920.54909529	1575517.15260939	1390569.86456478	2641741.97566736	1336449.8342281	1140498.92016344	1552627.56770501	1450405.68256193	3067066.72069137	1460753.76971691	1611247.11132858	1661696.26474298	1726129.27835504	2957541.92137629	1472731.01764437	1386988.20532231	1719791.07012781	1459925.31831722
